10.50
6.95
5.76
10.25
7.74
9.35
9.87
9.44
8.76
10.36
9.97
8.78
11.29
11.22
7.09
5.89
11.02
11.32
8.89
12.57
11.59
9.29
10.98
5.42
9.88
11.21
9.71
8.83
8.75
9.15
12.04
6.50
8.97
10.72
12.45
10.38
11.10
7.44
7.13
12.67
10.48
9.30
9.93
11.34
14.04
11.51
10.75
10.68
11.19
9.91
10.94
10.13
11.48
14.74
8.74
7.92
11.88
7.56
8.65
11.73
8.02
11.21
11.99
11.86
7.25
8.07
10.33
11.36
7.43
9.83
9.48
7.73
13.22
10.08
8.58
10.82
10.65
8.04
10.50
10.26
11.22
7.73
9.13
10.18
9.08
10.89
8.36
12.75
8.27
10.70
9.84
7.16
10.53
7.65
10.98
8.39
13.36
11.15
5.08
13.71
13.42
10.68
9.32
6.87
9.57
8.92
9.64
9.29
12.22
13.53
6.98
8.88
9.87
10.73
9.39
11.26
9.95
6.78
15.07
12.49
10.78
13.83
9.94
7.76
10.25
12.87
8.34
9.73
6.61
10.03
9.65
12.64
13.18
8.36
9.63
8.80
10.84
7.47
10.83
10.21
3.91
9.74
10.39
4.77
9.57
7.77
10.18
10.65
10.91
7.47
10.56
10.34
14.14
8.48
13.25
6.66
7.82
9.99
12.98
10.18
8.38
12.00
7.83
9.18
11.79
14.57
11.07
14.11
8.82
9.02
11.99
12.74
11.27
8.68
10.79
12.08
12.50
9.62
8.21
8.65
8.41
12.13
5.11
10.03
7.45
10.27
7.70
8.80
11.20
11.00
12.20
10.34
10.26
7.27
8.26
11.82
8.19
7.66
9.29
8.74
7.53
10.72
9.56
15.10
8.63
13.31
10.33
6.94
12.19
13.40
10.32
9.16
13.06
10.24
5.31
11.71
5.81
10.61
9.60
10.80
11.12
10.19
3.44
9.37
6.42
10.71
7.87
9.72
10.34
13.89
9.08
9.56
13.38
10.42
10.36
13.20
6.65
11.23
11.55
13.72
6.57
10.12
11.22
12.08
8.00
2.87
9.83
6.87
11.76
13.18
11.43
8.11
11.84
3.75
9.07
6.61
12.67
8.66
8.75
10.17
7.56
7.19
9.76
8.74
11.13
11.25
7.58
10.45
12.80
9.63
6.86
10.44
11.04
9.31
9.50
11.25
10.46
7.62
11.01
10.39
7.97
10.63
9.57
10.11
10.22
13.95
15.73
9.79
9.41
8.31
7.14
8.39
6.65
11.43
10.95
13.52
10.18
12.45
9.78
10.67
8.17
11.18
10.83
11.18
9.58
9.69
10.50
8.05
12.79
9.93
7.14
8.61
9.93
8.70
10.24
10.94
7.17
11.29
13.39
10.07
10.95
11.49
10.87
6.89
9.71
11.36
10.91
16.29
6.32
14.05
9.60
15.00
11.37
10.55
7.95
7.03
7.80
9.90
10.99
11.05
11.36
8.59
9.83
13.43
10.82
10.22
8.67
12.35
9.94
6.34
9.99
8.69
7.59
8.06
8.70
11.69
9.36
7.87
5.24
13.18
9.92
9.58
8.63
11.46
5.33
10.00
10.18
12.36
11.97
7.74
12.30
7.22
8.75
10.89
13.15
12.15
9.18
9.85
12.41
10.81
11.42
9.68
5.93
11.10
10.70
7.89
13.00
9.31
4.57
8.92
5.35
11.26
7.92
12.38
12.54
13.56
8.58
11.99
8.58
3.04
9.63
10.31
13.00
9.77
7.79
8.32
11.33
10.76
9.71
8.42
8.78
7.12
9.59
7.54
9.81
11.90
7.15
11.00
6.65
5.34
12.82
10.80
8.01
9.64
11.09
9.44
11.56
7.42
11.89
8.48
6.49
8.58
9.77
11.07
9.24
8.17
13.01
8.57
12.50
10.24
12.35
9.09
12.45
7.98
10.40
6.97
6.90
11.95
11.32
7.93
12.52
8.01
10.66
8.05
10.42
10.98
11.60
10.56
9.40
10.06
10.54
10.88
12.38
10.61
13.98
12.25
11.34
10.16
9.96
10.43
7.62
8.71
11.06
12.22
11.71
11.04
7.36
7.83
10.83
9.51
13.54
11.81
11.97
12.50
11.49
7.56
5.90
9.12
9.84
8.75
10.56
11.55
10.39
8.87
10.37
11.92
9.68
9.15
4.07
5.79
9.67
7.24
12.22
9.04
12.36
10.63
10.06
10.09
9.43
13.74
9.00
9.86
10.05
11.54
13.45
9.98
9.63
9.23
6.10
12.53
8.70
12.41
10.36
8.84
8.40
9.45
11.03
13.24
8.03
9.36
8.40
12.20
7.16
10.74
12.88
12.40
5.27
11.02
9.30
6.20
13.35
8.72
7.82
10.70
7.89
13.78
10.18
7.03
6.07
10.24
12.21
7.86
13.31
9.24
8.85
7.84
12.41
11.01
10.23
9.88
11.40
7.05
8.13
10.64
8.96
8.72
13.23
9.81
8.83
12.71
10.57
7.34
10.18
10.87
7.85
9.54
7.18
8.58
9.11
13.23
10.37
7.35
10.62
12.00
10.79
5.69
7.38
11.87
12.61
10.46
11.33
7.99
11.33
6.97
13.55
3.64
10.17
9.90
8.52
6.63
14.07
5.78
13.73
9.90
10.82
8.71
10.70
9.95
11.31
10.72
11.85
9.91
11.03
5.45
10.35
9.59
10.59
10.58
5.46
8.59
10.34
5.75
10.05
7.38
8.92
10.14
10.69
12.05
14.93
7.81
7.99
10.36
8.90
8.80
12.96
11.17
11.01
10.47
11.95
12.31
6.95
15.33
7.49
14.25
7.73
12.21
11.29
10.72
13.75
11.41
8.28
11.81
12.60
7.30
12.20
15.10
7.89
13.04
10.58
13.01
9.31
7.17
8.34
13.37
13.58
10.06
8.40
8.80
8.22
7.18
13.73
9.25
7.04
12.46
12.80
13.79
12.41
10.00
9.74
8.10
12.52
11.92
11.98
8.28
13.27
10.28
7.51
12.95
7.34
6.72
11.73
8.31
9.01
11.85
10.92
8.78
12.11
11.37
9.01
8.26
7.82
10.80
7.58
14.35
10.83
10.76
8.45
10.85
2.97
9.10
7.58
7.84
9.01
11.72
9.15
8.77
7.92
8.47
8.14
13.05
11.52
12.71
10.50
10.00
9.79
10.99
10.31
8.58
7.84
8.59
8.55
8.52
8.57
4.67
9.58
13.43
11.88
13.13
8.58
12.89
9.51
9.23
5.95
8.16
5.69
6.71
6.57
10.44
10.84
15.10
9.73
8.51
6.97
16.64
8.30
11.36
9.58
8.71
12.12
9.83
8.86
7.73
6.82
12.99
12.28
14.55
9.50
10.03
7.86
7.75
7.42
10.12
7.60
8.74
14.42
8.29
6.40
7.80
14.49
10.95
8.71
10.58
14.98
6.73
8.34
10.24
3.60
4.08
10.82
10.97
9.01
9.62
8.04
6.12
9.64
8.50
12.41
12.05
11.51
12.13
10.88
7.60
9.23
10.65
12.62
9.94
9.90
9.24
8.84
8.52
11.44
10.73
7.99
9.82
9.06
10.03
11.13
10.70
10.07
13.32
9.03
10.85
11.14
8.74
7.64
7.68
14.44
13.82
10.37
6.17
8.32
8.98
9.89
6.84
10.53
11.06
7.31
9.89
9.34
10.66
11.36
13.49
11.82
5.47
9.99
10.97
10.67
8.68
11.28
8.17
11.55
11.42
5.77
6.58
10.17
12.87
10.37
11.53
7.09
11.21
13.44
13.58
8.15
9.55
12.23
10.35
11.05
7.46
11.85
9.30
8.76
10.46
11.37
8.98
11.15
9.28
12.68
11.66
10.30
12.45
11.55
12.73
8.24
11.52
5.75
10.74
9.84
11.46
9.01
9.68
10.14
10.86
10.24
11.61
6.17
9.66
10.82
10.42
11.42
12.12
14.44
9.60
10.22
7.87
8.92
11.12
9.44
13.44
9.81
10.98
10.95
9.28
11.39
13.00
11.14
10.69
8.49
6.10
10.17
9.64
9.27
10.71
7.54
8.09
5.84
9.40
9.57
8.64
9.85
11.85
13.07
8.57
12.04
15.35
6.61
14.03
8.04
7.93
8.90
9.36
6.40
10.04
10.33
11.13
11.30
9.38
5.91
9.89
11.14
8.91
7.61
12.08
11.94
16.60
2.40
7.19
5.93
14.27
8.15
11.68
8.75
11.14
10.87
14.35
9.02
9.58
11.51
9.50
10.51
8.88
8.00
10.62
12.37
11.31
13.09
7.11
9.53
6.70
7.73
12.58
9.82
10.63
12.63
13.06
8.57
17.42
9.63
11.39
11.52
9.96
14.25
9.08
10.61
11.86
7.85
13.07
13.79
11.44
4.76
11.24
10.28
8.15
11.88
8.79
9.08
7.21
10.55
12.06
9.00
10.60
7.41
11.85
9.22
6.83
12.35
12.63
11.23
11.96
10.65
12.05
9.26
9.69
10.19
12.91
15.32
8.66
10.63
10.64
8.52
9.19
9.22
9.55
10.94
10.04
10.45
10.44
10.35
7.96
7.02
9.58
9.42
7.30
7.29
9.26
12.16
10.13
9.48
10.24
7.85
10.50
12.76
7.30
12.91
8.93
9.47
7.59
8.46
11.54
8.59
12.19
9.08
8.13
9.65
8.89
9.51
10.88
10.42
8.34
9.71
11.91
6.47
12.77
10.77
8.94
7.57
10.69
11.65
9.43
11.41
8.55
10.00
10.16
7.07
7.42
14.60
11.13
12.00
10.34
9.14
8.93
7.41
11.92
10.08
7.24
9.01
12.90
12.87
8.95
10.88
13.33
11.71
11.53
3.34
12.13
9.37
5.59
10.98
11.21
13.10
9.26
9.10
10.84
6.20
11.11
12.80
11.64
8.20
9.43
7.59
4.67
9.07
12.68
7.64
13.36
10.37
11.62
10.35
14.27
9.26
12.91
7.22
9.43
10.12
10.55
11.10
12.39
14.21
6.94
11.77
7.39
12.44
10.16
10.41
10.14
11.24
11.97
14.66
11.88
7.93
7.15
12.96
10.65
10.30
6.77
12.30
14.63
7.67
9.05
10.86
14.17
5.96
6.85
12.18
10.69
7.14
10.37
11.68
10.10
16.85
11.47
6.71
8.82
9.49
8.47
9.20
9.85
13.20
10.71
12.49
12.87
9.81
8.94
5.99
10.02
6.90
10.57
12.71
10.49
10.16
10.90
9.77
7.32
9.50
9.92
5.60
9.08
9.60
6.94
8.89
10.15
10.17
10.88
10.67
6.62
5.78
12.21
12.98
10.29
4.75
12.65
10.14
13.18
9.28
10.69
7.54
14.25
11.80
7.14
10.91
12.23
9.75
9.97
9.13
10.42
12.57
11.47
10.47
13.63
9.68
11.85
7.89
9.15
10.57
11.59
9.80
14.72
9.69
10.90
6.11
11.58
10.62
8.56
8.37
11.48
10.69
9.22
11.03
11.51
14.13
12.50
10.79
7.19
8.33
10.01
11.00
9.15
6.89
10.55
8.30
12.63
12.09
11.12
9.62
8.53
7.90
9.99
8.81
9.21
11.35
9.57
13.09
10.97
7.55
8.66
13.43
5.06
9.36
13.29
10.11
9.30
8.86
7.63
9.59
10.89
12.56
11.10
9.69
8.13
12.67
6.79
9.39
12.99
8.04
7.59
8.71
10.61
15.09
9.72
10.59
9.85
7.49
11.77
7.69
9.73
8.19
9.12
11.88
8.15
9.76
10.04
12.17
4.68
12.41
15.54
12.11
9.54
7.12
10.28
7.18
10.27
8.84
8.90
9.70
9.56
13.11
9.84
9.93
11.36
5.68
11.95
10.47
10.11
11.59
14.17
9.19
9.94
15.67
14.82
11.74
13.30
9.79
9.01
9.73
5.99
8.37
10.57
7.13
6.36
8.58
5.99
9.78
8.41
10.00
10.00
12.58
12.17
13.11
10.29
10.35
9.90
8.09
11.41
8.93
10.09
11.11
6.13
11.69
7.43
7.95
16.69
10.10
12.96
10.97
11.94
9.22
7.45
11.45
8.78
11.27
13.24
12.59
8.58
7.80
10.22
8.91
9.41
12.26
8.92
12.78
10.23
7.38
11.72
8.34
9.34
7.59
9.89
9.93
8.81
9.95
10.27
7.32
13.57
11.62
12.36
8.43
10.68
6.43
12.45
16.81
13.71
8.24
12.63
5.50
11.99
11.52
11.39
11.97
10.04
10.11
14.95
9.83
4.77
11.33
8.54
11.48
11.65
8.95
5.96
11.46
9.93
11.31
9.33
7.46
10.73
9.22
8.56
8.22
12.18
9.52
6.92
11.64
13.54
9.76
9.71
5.81
11.69
10.11
10.72
8.64
12.81
11.25
12.38
7.68
10.32
6.37
8.50
10.09
8.87
10.30
6.93
13.13
11.66
9.66
8.64
15.67
6.97
12.18
10.80
11.27
9.01
7.22
8.20
11.98
10.14
9.06
12.68
6.97
13.42
8.62
13.96
10.01
13.43
12.89
5.75
10.59
5.93
10.71
11.57
10.02
9.83
9.54
12.04
10.71
14.85
10.46
11.18
7.33
10.54
7.42
8.80
9.86
11.80
10.80
10.62
10.04
12.43
11.00
13.45
11.79
10.05
9.06
9.86
8.39
9.16
10.29
8.34
14.18
15.51
9.80
8.53
11.38
10.81
9.74
11.15
8.37
5.77
9.95
11.93
7.61
9.50
8.97
9.54
9.10
8.69
11.50
9.61
9.63
7.49
8.22
10.67
10.11
12.84
8.88
14.25
14.45
9.08
10.02
8.96
10.52
13.51
11.34
10.57
7.35
8.54
9.40
8.40
10.94
6.59
11.68
10.45
10.41
9.53
14.63
8.41
9.15
12.83
8.13
8.19
10.14
9.48
11.21
11.28
7.09
8.94
10.74
9.00
12.07
6.51
11.56
7.16
10.47
9.96
7.62
11.58
5.55
10.09
9.47
11.53
8.14
7.43
8.10
12.86
11.37
9.28
10.92
8.51
11.80
9.97
10.83
7.02
10.87
6.85
6.35
11.13
11.13
9.39
14.13
9.26
13.11
9.38
7.83
16.77
14.38
13.06
11.54
12.15
6.69
6.38
7.29
13.37
11.80
4.24
11.10
10.78
14.16
9.86
10.37
9.61
10.19
11.27
11.72
11.04
8.77
8.01
13.14
13.80
13.77
10.54
7.30
7.23
7.42
10.65
10.41
9.93
10.94
7.46
9.76
9.67
4.86
12.79
12.80
8.96
7.78
9.04
14.65
9.11
13.17
7.29
15.28
11.84
10.93
13.86
7.94
7.90
13.52
7.95
11.27
10.13
5.62
7.47
7.48
9.75
7.88
11.03
10.27
8.23
9.20
10.29
13.69
10.51
11.51
8.47
10.18
13.25
11.15
5.22
8.33
6.51
7.74
11.11
8.47
5.20
10.27
10.20
7.66
9.17
10.77
12.18
12.49
9.17
10.90
10.79
12.51
7.56
8.82
6.70
11.43
7.90
9.71
10.99
13.76
11.28
11.77
10.82
15.02
8.36
12.97
11.45
11.79
8.56
10.13
11.89
9.57
8.65
11.42
7.69
11.96
10.02
10.16
13.08
8.84
8.91
7.88
12.40
11.23
10.53
9.95
8.36
11.28
10.56
11.33
8.04
10.90
11.76
8.95
12.29
12.39
6.39
10.32
12.08
6.26
10.62
10.16
7.05
10.00
14.63
11.23
6.94
8.87
4.43
13.99
12.71
9.10
10.53
11.45
7.44
11.94
9.03
7.18
14.82
7.20
14.93
7.01
11.36
10.82
11.50
6.91
12.10
8.65
8.99
11.08
12.89
7.53
13.88
11.55
12.52
10.22
10.44
8.17
12.17
6.83
10.92
7.34
8.94
10.44
11.11
11.89
10.71
9.20
11.06
7.09
12.37
11.15
6.53
11.11
11.58
11.79
8.10
10.14
7.36
9.19
10.13
10.93
5.98
9.41
13.84
10.23
6.45
11.64
10.92
8.69
7.90
12.76
9.09
8.58
10.29
12.07
10.41
7.25
11.90
12.21
11.95
11.51
11.77
10.98
9.51
10.81
6.09
5.41
13.22
7.63
7.78
9.31
6.73
8.20
8.65
7.88
6.70
8.35
8.48
13.38
9.75
14.98
8.91
13.36
9.80
9.69
9.41
10.88
8.00
12.18
10.16
8.89
7.17
5.56
11.70
8.57
8.38
8.38
10.58
10.30
8.58
8.33
9.19
8.90
9.83
12.25
14.80
11.01
11.66
9.46
11.03
10.13
9.22
9.45
12.62
7.08
11.88
9.84
6.63
6.97
12.78
15.89
12.99
11.03
13.96
9.47
7.82
13.47
8.94
10.16
11.78
9.78
8.90
7.05
9.88
11.90
8.89
8.89
12.51
11.44
16.26
12.50
11.33
10.97
6.85
7.59
14.56
11.44
10.74
11.49
9.45
16.19
7.75
8.99
10.96
8.41
8.77
9.91
12.61
11.23
9.09
5.66
11.07
7.57
9.59
10.13
9.18
6.47
16.16
16.15
7.49
10.31
9.80
7.33
10.59
9.16
15.03
8.66
9.19
13.37
8.81
13.52
6.17
6.55
7.44
8.75
11.66
11.51
9.16
11.71
8.13
7.50
10.86
5.05
8.45
7.78
10.65
10.48
8.52
9.39
11.99
10.02
14.99
10.78
9.33
14.39
8.55
9.09
13.64
6.29
11.57
9.06
11.57
11.30
10.10
8.97
10.71
6.98
6.36
14.34
6.93
8.03
12.30
13.29
14.20
11.32
14.18
9.95
7.25
9.58
9.22
8.37
10.56
9.83
14.37
8.74
13.06
10.05
11.52
11.95
12.14
6.80
6.61
10.28
8.88
8.66
8.58
11.17
9.26
7.46
12.53
7.93
14.53
12.06
9.44
10.95
9.71
8.43
11.80
8.51
13.05
15.07
11.53
7.71
6.42
8.51
10.00
8.43
12.64
11.90
9.02
15.62
11.93
12.27
7.77
6.71
9.40
9.91
7.33
7.55
8.24
9.11
12.55
8.19
10.13
12.59
10.27
11.79
7.15
8.44
8.24
10.28
12.19
11.70
11.29
8.51
9.41
9.36
6.64
8.19
10.46
8.05
9.69
12.30
11.61
7.58
9.32
11.94
13.29
10.78
9.25
12.79
8.22
6.92
7.92
8.53
10.44
6.98
11.21
5.22
9.22
10.94
6.16
10.98
3.46
10.45
5.87
15.44
9.26
11.25
8.19
13.01
10.41
10.20
9.81
8.50
6.00
9.03
10.83
13.95
10.75
8.89
6.92
16.16
7.75
7.97
11.47
9.68
10.96
11.63
10.92
9.21
13.81
8.96
12.61
7.06
7.38
9.91
7.53
15.44
9.20
9.69
11.44
8.34
9.83
9.90
10.30
9.72
8.38
7.69
10.13
14.14
8.78
11.82
10.81
14.12
8.32
11.14
10.81
12.41
9.52
8.88
9.62
11.89
12.74
9.98
11.51
12.92
9.75
3.86
10.69
8.68
11.23
9.35
11.40
12.46
5.13
6.99
8.31
10.05
11.79
11.33
8.57
10.36
8.21
9.24
7.19
9.12
12.18
7.95
8.53
9.58
7.89
8.05
8.42
9.12
8.25
8.94
8.46
11.20
7.63
11.16
10.07
11.97
15.04
8.00
8.60
6.72
9.85
10.06
12.60
10.72
11.50
12.99
11.31
11.51
7.60
13.30
10.58
8.63
9.27
10.20
9.50
7.65
8.12
11.08
11.76
12.48
10.25
7.63
9.31
12.55
8.01
7.66
14.42
5.16
8.90
6.59
8.78
8.96
12.29
9.14
11.48
9.55
5.47
8.02
8.73
7.78
13.89
7.69
10.17
10.15
13.91
13.04
9.20
13.81
7.78
11.43
6.96
7.85
6.81
7.36
6.76
9.31
8.65
10.31
10.75
10.01
8.89
10.62
9.26
11.58
11.59
9.58
12.16
10.70
9.22
10.19
9.35
6.70
11.19
11.77
10.72
11.73
12.33
6.23
10.55
11.67
11.84
6.90
4.93
8.56
6.57
11.90
14.15
9.75
10.20
9.55
10.01
9.85
16.81
10.39
10.22
6.62
7.14
9.16
8.88
8.38
10.29
12.44
11.31
7.57
11.39
10.40
8.74
8.85
10.29
10.60
12.20
11.91
8.57
14.05
11.48
7.68
6.08
9.35
10.19
12.12
6.84
9.29
5.70
7.26
7.41
9.37
9.28
7.85
10.74
14.01
9.60
7.40
8.06
8.46
9.74
11.11
8.35
5.60
5.75
7.45
7.53
10.91
11.23
13.01
6.11
10.20
9.42
8.00
11.59
11.71
11.18
9.36
10.81
12.40
9.49
9.51
14.17
9.91
8.25
12.02
12.54
7.73
10.68
9.04
7.46
8.88
8.23
11.39
10.26
8.45
9.32
14.45
8.40
13.81
7.45
12.25
13.82
10.36
9.53
9.79
9.69
10.10
6.17
11.74
6.58
9.27
4.02
12.37
7.39
12.84
9.48
12.72
10.35
8.47
10.06
9.77
11.15
6.56
8.54
10.44
12.77
10.07
9.93
11.05
7.74
8.36
10.15
7.31
11.04
10.83
12.72
11.89
11.51
13.44
10.88
7.31
11.36
4.67
8.83
12.22
9.96
9.35
9.72
6.09
10.30
10.21
11.76
9.92
12.02
11.46
9.36
9.77
8.67
13.43
9.50
8.53
10.29
7.26
8.58
7.95
9.23
11.05
9.76
9.44
11.60
6.50
9.33
7.45
7.12
10.06
10.28
8.16
16.90
10.47
9.42
10.04
9.55
9.72
6.82
7.74
10.03
7.66
8.66
8.68
11.67
9.93
6.00
12.66
9.40
12.76
11.71
9.20
9.17
8.88
10.55
10.87
7.77
9.70
9.83
7.89
9.83
11.65
3.30
9.20
11.61
8.39
4.46
8.17
11.64
10.07
8.49
8.10
8.38
11.55
6.64
12.11
8.86
11.43
10.12
11.68
9.37
6.78
6.73
10.60
9.79
10.30
13.14
2.01
4.19
8.51
10.20
11.79
12.95
8.19
11.02
6.42
5.81
11.86
9.15
8.63
10.59
10.97
10.02
10.28
10.67
8.79
11.46
9.45
9.44
9.64
7.93
8.58
11.18
9.38
7.39
11.65
10.24
8.24
9.19
11.29
11.43
11.21
11.62
13.33
9.96
11.06
10.78
8.37
10.73
8.87
5.44
9.52
10.75
7.61
9.62
9.36
14.09
7.18
11.90
12.04
5.20
6.86
6.39
9.84
8.81
12.80
10.50
10.64
11.38
8.13
10.05
8.30
11.71
11.20
15.52
10.54
11.12
14.07
13.77
10.09
12.74
10.67
10.19
7.59
9.69
10.20
9.50
3.95
10.91
11.96
9.17
8.32
13.92
8.99
10.32
11.09
8.38
11.35
9.54
8.61
9.89
7.00
7.28
9.78
9.33
11.62
5.19
9.69
10.30
10.69
10.21
8.62
13.37
10.78
6.12
10.54
10.52
8.95
12.90
10.62
12.83
9.88
9.77
8.60
11.60
9.45
9.39
9.57
13.20
12.34
8.39
10.45
13.35
8.81
12.24
7.68
7.84
9.32
9.89
10.24
12.55
8.11
8.82
9.70
7.86
9.24
11.32
11.83
7.40
8.57
9.84
14.15
3.69
7.92
8.30
8.06
9.75
11.82
8.18
14.53
8.44
9.54
8.04
11.54
10.44
7.39
7.77
11.93
8.94
8.27
7.83
11.44
9.39
12.73
13.05
11.22
8.53
9.87
12.97
9.53
11.08
10.84
7.31
13.07
10.24
8.72
9.97
12.71
6.83
5.16
8.16
5.83
6.12
8.58
12.01
9.03
15.04
10.28
12.73
9.20
11.28
8.91
11.71
8.40
11.92
12.89
8.97
11.14
9.94
8.50
8.03
12.86
9.26
7.09
12.17
6.90
11.75
10.38
10.24
6.76
10.71
8.55
12.25
8.20
8.79
8.89
8.96
9.52
9.70
6.39
7.31
9.58
9.64
10.89
4.89
8.93
10.56
10.34
9.56
9.17
11.92
8.96
11.77
9.56
9.51
7.65
8.30
8.27
9.94
12.24
10.14
7.54
10.06
8.73
9.06
10.94
10.40
9.95
10.31
5.47
7.48
7.09
11.74
8.86
8.67
12.10
7.74
10.85
9.40
10.12
12.90
11.63
10.04
10.26
3.30
12.87
12.96
9.49
5.93
9.71
5.73
7.02
13.66
13.27
12.96
11.65
7.48
11.48
9.48
8.93
12.28
5.14
7.46
11.04
8.24
8.25
5.74
10.24
7.49
9.48
11.60
10.75
9.82
7.53
7.82
10.26
8.32
15.27
8.09
6.75
10.21
7.69
14.43
7.67
9.64
13.32
4.19
6.51
11.26
13.09
8.62
13.76
6.22
11.32
9.24
9.27
10.62
11.91
7.40
8.96
9.92
11.47
8.85
5.53
9.32
4.76
7.86
14.11
10.73
7.40
7.50
10.37
15.38
11.56
7.76
10.02
6.04
12.96
12.31
12.27
8.11
11.52
16.43
10.73
12.31
12.57
9.58
11.93
10.27
12.34
13.02
11.51
11.02
13.41
9.04
9.93
9.15
9.87
7.17
11.28
8.83
11.77
8.34
8.78
10.90
7.47
11.42
9.75
12.98
8.66
13.05
9.97
13.07
12.26
10.37
11.83
10.25
12.03
12.49
9.25
8.86
13.02
8.39
7.25
9.02
8.76
10.20
8.87
9.46
11.65
8.55
6.09
7.53
13.74
10.80
10.81
11.15
5.78
11.47
7.24
6.52
6.67
9.29
14.10
10.29
9.48
9.61
8.54
7.90
8.89
14.20
5.49
14.20
8.89
6.81
11.22
11.03
8.04
5.38
13.83
7.47
10.38
14.17
11.48
9.69
10.01
9.37
8.68
14.60
7.38
6.53
7.69
5.81
10.80
10.20
12.25
7.66
7.15
8.06
5.06
10.60
9.12
9.72
11.25
7.05
8.62
6.32
6.25
10.31
7.18
11.85
9.77
8.61
8.98
12.69
10.47
10.08
15.24
10.34
9.40
9.61
14.25
5.57
11.85
9.00
13.66
8.80
8.66
12.44
4.42
7.86
9.57
10.18
12.15
10.25
9.91
13.34
9.73
11.00
10.01
8.09
13.34
12.10
11.23
9.91
6.10
13.05
13.55
13.67
14.90
11.68
13.86
6.00
12.10
8.73
8.55
13.08
11.82
7.65
10.96
4.22
5.80
11.09
12.70
9.29
7.87
10.32
15.18
8.93
11.57
12.95
10.60
9.30
9.97
8.77
5.99
8.24
14.77
9.93
5.39
10.05
10.56
12.92
10.83
7.63
7.45
14.40
13.17
13.04
7.77
9.14
9.89
12.79
9.63
10.81
12.99
7.63
9.72
7.29
10.26
9.94
16.18
7.61
8.79
9.27
10.61
15.89
9.94
10.01
8.81
7.69
10.61
14.70
10.43
7.84
8.31
5.69
9.90
5.44
13.67
12.13
9.17
6.99
8.44
9.01
12.18
9.44
13.35
8.36
10.62
11.13
9.41
8.76
11.65
5.96
7.14
11.10
10.82
13.49
6.84
13.63
10.39
9.99
8.53
4.97
6.15
12.08
9.22
10.82
11.76
10.25
7.20
10.98
8.10
10.60
13.42
11.83
8.32
7.17
10.08
13.94
13.28
7.45
6.86
7.58
12.93
9.51
10.20
9.72
10.32
10.70
11.34
9.86
8.27
6.63
8.95
8.34
7.38
11.93
12.43
9.43
7.86
13.32
6.66
9.14
11.66
13.75
9.28
11.37
9.75
8.05
8.61
8.77
11.96
15.49
9.63
10.70
11.75
10.04
9.25
7.42
10.01
8.43
8.75
6.93
10.09
9.93
8.70
11.54
6.61
7.14
7.64
11.87
8.23
12.81
8.12
12.66
13.16
6.43
9.28
10.99
8.85
13.17
8.48
5.68
11.07
7.70
8.33
7.49
13.06
10.57
11.42
15.49
7.14
8.43
13.70
10.54
6.39
5.66
10.37
9.74
14.60
9.27
9.60
8.58
10.31
8.56
11.20
10.74
7.71
13.10
11.70
9.33
8.07
10.46
9.78
9.13
6.45
9.76
11.82
10.48
10.14
10.44
9.04
8.60
9.47
4.08
12.98
8.97
11.95
8.79
8.96
8.63
9.01
9.97
15.41
10.15
11.59
7.56
12.00
12.21
8.73
9.75
7.41
9.49
8.37
9.52
9.94
7.93
8.12
9.91
12.60
10.02
14.39
8.34
10.80
8.41
13.68
11.00
9.57
6.25
12.34
10.44
9.41
6.59
6.54
7.58
9.29
12.07
12.52
11.05
12.15
12.38
14.80
6.25
7.61
8.32
11.14
13.64
11.55
9.73
9.24
9.29
14.67
11.39
12.62
12.20
9.74
7.85
11.20
8.77
10.89
7.21
11.78
10.44
8.12
11.13
11.80
8.67
9.81
8.71
10.17
6.79
8.17
11.99
10.47
5.69
10.07
12.82
12.24
8.98
11.30
9.11
9.22
8.92
10.73
8.42
9.06
11.34
9.47
9.54
9.46
11.58
8.13
6.39
10.02
6.87
12.32
10.32
10.93
14.28
10.69
9.68
8.09
13.58
10.84
13.27
8.06
11.68
8.91
8.55
10.43
9.85
13.53
9.39
8.46
7.14
6.90
14.65
11.17
10.00
12.90
11.84
9.37
9.54
10.87
11.50
10.98
13.76
11.61
10.03
11.35
13.34
10.27
6.60
8.83
9.35
10.14
9.06
9.54
8.04
15.15
11.37
10.58
12.95
7.03
9.47
8.03
11.14
8.30
8.42
12.02
12.86
10.12
6.84
11.92
9.43
12.41
13.74
14.26
9.62
6.92
4.53
11.12
12.09
9.82
9.73
5.01
7.56
11.75
9.11
7.35
9.51
10.81
10.76
12.51
9.53
10.63
7.32
7.04
13.96
6.65
8.43
10.34
10.27
11.03
5.81
12.20
10.24
7.72
10.38
8.28
9.32
7.60
11.92
12.74
9.51
11.18
9.09
9.48
10.22
10.86
8.64
10.21
9.30
12.75
12.01
11.62
11.58
7.07
13.55
9.61
13.10
9.39
9.89
13.18
11.21
11.66
8.49
10.42
12.73
13.40
12.11
7.85
7.34
12.82
11.82
7.61
14.44
8.32
7.47
7.34
11.44
7.02
9.67
9.20
13.92
9.87
10.65
9.47
12.15
10.44
13.74
6.27
10.33
6.81
10.69
8.73
11.63
11.95
10.12
10.37
7.53
8.66
10.47
9.75
13.22
10.53
14.79
7.02
9.84
7.78
11.60
6.50
13.21
9.17
14.13
6.34
7.25
13.10
10.02
5.86
8.73
7.01
10.33
7.78
9.78
6.72
11.01
11.68
14.36
10.05
6.35
8.55
10.59
7.65
13.30
9.02
8.33
11.62
7.59
13.98
9.81
9.73
11.11
4.14
9.51
7.33
14.78
11.25
11.37
11.72
11.00
9.29
9.39
9.52
11.68
7.54
12.50
11.47
9.85
10.48
10.19
6.69
11.32
12.72
5.35
10.67
6.31
13.43
10.31
7.52
9.46
12.05
12.71
11.16
9.58
13.53
11.33
11.85
7.23
10.17
11.84
8.91
7.21
11.59
11.28
10.44
12.95
10.10
11.05
6.94
7.05
8.67
9.15
12.53
11.50
8.50
13.94
12.41
10.86
9.70
6.77
8.41
5.64
7.66
10.29
6.95
9.67
9.54
12.79
9.43
7.78
10.75
12.69
7.55
7.15
7.75
8.66
7.40
10.56
10.11
9.69
9.95
7.59
10.29
10.10
10.95
5.41
15.08
12.81
10.15
12.60
12.61
14.67
11.13
10.72
6.14
8.15
8.64
12.15
10.00
14.59
8.98
10.82
8.78
9.01
8.56
8.72
10.78
11.86
12.87
8.51
11.61
9.20
10.76
15.77
8.85
12.77
11.59
10.81
9.15
12.33
7.40
14.30
8.53
7.86
11.76
8.62
10.67
10.78
6.53
8.45
11.43
7.80
10.05
8.93
10.07
10.35
11.23
7.82
14.16
8.94
11.04
13.11
6.25
15.20
9.79
10.66
13.25
9.34
7.36
8.65
8.80
6.67
6.58
12.19
10.65
9.51
12.26
7.52
6.40
11.84
5.91
7.26
14.00
11.17
8.70
13.80
8.30
7.23
10.16
6.44
10.43
10.08
13.09
10.90
12.14
7.65
8.47
12.66
9.15
11.59
7.59
13.22
6.12
15.36
11.20
5.11
8.70
7.37
10.14
11.96
11.01
12.78
9.12
9.33
12.26
10.33
11.74
11.98
11.35
9.86
10.01
11.86
9.52
8.54
11.12
9.52
11.95
11.93
9.78
10.27
8.65
10.09
9.54
10.62
9.50
7.61
9.40
6.41
13.89
12.38
9.43
5.51
10.52
8.29
7.68
12.10
11.39
10.43
7.00
12.25
9.78
11.26
9.91
10.56
11.48
11.09
8.22
11.02
7.76
5.81
11.18
10.32
13.28
11.63
11.01
9.61
11.12
10.84
12.49
7.03
10.29
10.16
9.24
13.80
11.16
7.89
12.05
12.52
6.48
9.07
10.52
11.80
5.66
11.06
8.73
9.44
9.05
9.95
11.48
6.62
8.45
11.98
9.77
2.98
9.01
12.20
7.44
10.27
4.97
10.86
8.36
8.18
8.56
13.05
6.19
7.26
5.66
8.95
7.92
13.87
11.76
8.08
12.83
10.34
12.51
6.80
10.44
7.56
7.95
8.55
13.59
10.33
9.28
10.28
10.54
7.90
6.76
11.97
11.79
7.99
13.32
2.73
8.00
9.28
11.40
10.19
9.99
14.93
13.29
9.81
9.96
8.57
14.66
8.73
12.54
6.96
11.48
8.46
11.30
6.84
10.56
10.87
7.18
10.98
9.48
9.79
11.70
13.16
9.17
13.45
6.66
11.74
9.97
8.22
12.14
12.81
5.41
11.78
9.39
6.78
6.44
7.66
9.95
11.78
10.43
12.13
10.23
7.66
10.53
11.03
7.77
6.14
4.49
8.14
8.14
11.98
6.11
7.94
15.65
8.13
10.75
15.42
9.10
12.15
8.91
7.33
9.02
7.52
8.72
12.80
13.11
12.47
7.43
12.15
5.40
10.96
11.37
10.99
6.70
13.24
7.80
7.77
9.83
8.45
11.21
10.35
8.13
8.97
9.13
9.56
9.45
8.89
8.91
10.72
8.64
11.67
7.79
7.71
13.44
14.21
9.95
10.23
13.82
6.40
7.63
4.55
9.62
13.10
7.41
10.41
8.28
7.99
11.44
9.52
10.15
13.74
6.48
11.74
8.13
9.75
8.76
13.58
10.67
7.41
12.89
5.56
6.16
11.75
6.16
7.45
7.74
10.64
12.04
14.22
10.27
8.38
11.60
11.20
12.73
8.55
9.57
9.31
11.61
6.94
10.58
10.23
7.92
7.78
12.87
9.33
11.95
9.29
9.90
8.63
12.64
10.16
8.51
9.85
12.68
7.60
12.35
8.53
7.53
8.07
12.41
10.71
8.73
12.35
11.89
5.50
10.13
12.01
11.78
11.99
6.69
8.22
7.81
7.70
8.33
8.88
10.00
11.98
9.52
8.34
9.19
9.14
15.26
5.49
13.00
11.05
8.54
11.34
7.97
7.02
9.75
10.05
12.29
9.59
11.53
9.63
7.34
13.03
7.88
13.52
11.25
10.33
11.46
9.46
8.97
8.66
9.93
9.34
8.41
11.09
10.44
13.18
14.36
12.58
9.83
11.86
12.76
9.12
6.51
9.97
10.25
10.76
11.34
9.78
9.19
7.50
4.64
8.25
10.31
11.39
12.94
9.48
7.74
7.20
7.26
8.93
12.50
9.41
13.79
10.30
9.30
11.27
8.92
10.92
8.69
7.69
11.41
12.24
12.99
8.91
9.60
11.73
7.88
14.76
11.00
11.31
10.21
13.67
14.57
11.26
7.84
10.96
9.70
13.94
9.59
14.04
10.27
11.56
7.46
11.99
13.56
10.48
9.70
11.00
9.61
10.01
8.39
12.78
8.75
10.16
9.58
11.07
6.15
7.10
8.17
8.89
13.19
10.37
12.31
10.77
9.19
9.71
5.05
10.20
9.54
8.00
7.92
9.02
7.53
8.13
15.27
8.06
6.26
8.20
7.98
9.00
8.72
10.73
10.84
10.52
11.06
7.76
8.49
11.00
10.18
8.53
11.59
11.93
7.37
9.58
7.96
10.09
13.11
6.14
10.07
11.72
10.76
14.42
10.55
13.99
8.85
8.62
7.72
8.97
10.18
8.36
8.52
9.68
10.28
11.27
11.11
15.69
13.14
11.58
6.13
10.86
13.84
9.32
8.70
7.53
9.95
9.69
9.48
9.76
10.96
8.76
12.56
10.13
9.14
11.98
12.49
8.09
11.70
10.95
7.57
10.15
10.73
12.00
12.65
9.82
8.81
13.38
7.41
12.50
11.06
7.69
11.74
5.69
6.74
7.26
6.57
13.57
6.41
8.51
11.34
9.93
9.06
9.33
11.62
11.43
12.79
11.74
11.22
12.45
9.29
8.43
8.54
9.17
11.15
8.08
8.13
11.53
8.11
7.23
11.62
5.67
14.24
8.90
9.25
8.60
10.92
9.26
12.40
14.02
10.35
8.96
13.37
8.88
9.75
14.37
9.30
10.89
7.25
8.85
13.33
10.69
10.80
12.50
10.04
9.79
9.50
9.46
7.30
12.90
15.42
9.25
11.97
7.18
12.56
10.72
10.60
7.15
7.99
7.87
7.69
5.83
8.98
10.52
7.89
6.78
12.49
8.88
9.53
11.59
9.42
6.90
10.77
12.78
10.26
11.67
6.86
8.25
11.98
10.41
14.55
12.83
13.63
4.89
12.42
12.29
8.66
12.60
10.84
8.36
9.69
10.43
8.33
10.10
12.37
9.56
7.57
12.59
10.05
12.12
10.35
10.71
11.15
5.01
11.54
8.90
10.25
15.35
7.85
8.71
8.43
10.52
8.41
8.84
9.13
8.18
11.40
10.65
4.40
13.37
10.84
8.90
9.03
9.01
11.23
8.77
6.00
12.18
8.29
8.52
13.74
12.74
10.22
11.35
4.90
13.80
12.91
9.57
10.57
9.71
8.52
11.16
9.60
8.98
9.52
13.95
7.21
11.07
8.98
8.95
12.18
10.91
10.20
10.15
11.54
8.19
9.82
12.09
8.82
7.90
4.61
10.33
8.97
5.69
10.23
11.03
12.32
8.36
14.55
10.02
11.76
11.77
14.04
9.51
13.59
15.01
7.22
9.45
11.33
12.49
12.64
11.24
10.94
8.31
6.72
8.46
11.46
10.40
6.67
10.03
8.88
7.48
7.00
9.38
12.60
9.20
10.49
11.97
11.94
6.29
7.83
9.20
10.45
9.51
15.25
10.79
7.88
9.19
11.65
6.40
9.95
9.57
10.11
9.95
6.92
15.29
12.75
11.20
11.30
13.74
6.16
8.83
10.30
9.58
11.86
13.84
11.84
9.44
5.40
12.77
13.03
9.83
10.69
12.23
9.94
8.82
14.33
9.64
7.56
12.43
11.62
9.92
10.49
9.51
8.28
9.01
9.55
10.91
11.67
5.98
10.82
4.72
12.20
5.92
10.61
7.25
10.99
7.47
11.09
10.76
5.14
7.56
11.85
8.41
11.89
9.48
14.34
8.57
10.66
10.72
9.35
11.81
11.25
12.38
8.56
7.53
11.09
11.11
5.60
10.99
8.30
10.46
11.07
10.92
9.55
10.40
9.03
8.97
9.66
12.75
12.17
9.92
12.65
8.90
8.60
11.59
7.20
13.05
8.19
10.99
6.10
13.45
8.27
6.50
13.74
11.78
12.17
8.74
8.18
8.76
11.56
8.94
10.42
8.85
11.83
10.15
9.68
10.05
13.21
8.70
8.27
7.62
9.81
7.38
7.89
9.99
11.48
10.16
13.17
13.21
7.81
8.29
11.44
13.88
8.46
12.73
13.14
6.56
11.65
9.46
9.52
12.59
6.08
6.78
8.19
7.37
9.48
12.04
12.80
11.29
12.49
11.73
11.43
10.14
7.46
9.75
8.02
9.89
12.49
11.94
11.17
14.05
8.79
9.44
9.18
12.62
14.03
7.62
4.78
5.15
9.21
11.45
13.13
9.50
14.64
13.27
9.19
9.53
11.61
4.44
5.33
4.00
9.08
12.35
9.83
11.43
11.45
7.03
10.16
7.06
7.46
12.68
10.67
4.63
9.23
9.19
12.85
6.65
10.14
4.19
10.88
12.73
12.47
12.14
10.41
12.08
13.18
9.49
11.97
10.39
8.55
9.40
9.47
6.39
6.65
11.72
11.94
7.28
14.70
9.23
10.88
9.14
6.01
9.38
9.88
8.76
9.35
7.32
9.16
11.60
13.05
5.33
11.62
11.77
13.62
6.81
10.12
10.99
9.94
11.05
14.80
8.78
6.67
10.39
8.66
9.04
8.35
13.74
9.83
12.84
12.81
10.05
10.01
8.99
9.52
11.90
13.90
12.05
12.11
11.15
10.75
9.68
8.07
12.75
11.88
9.34
10.03
11.75
8.70
9.68
9.57
12.01
14.71
7.49
10.55
7.57
11.13
10.41
9.10
7.15
12.23
9.77
8.85
10.33
7.91
8.62
8.32
7.67
11.44
11.66
8.93
12.42
9.81
9.02
13.09
11.31
6.39
10.10
10.80
11.82
7.59
9.51
13.66
9.51
8.43
7.44
10.47
7.15
12.77
8.73
8.34
7.55
8.85
9.20
10.83
10.70
9.85
10.78
10.24
6.78
11.48
13.31
9.25
8.51
10.30
9.75
11.84
8.80
11.78
9.58
10.32
9.81
11.22
9.17
8.14
10.12
7.68
12.43
6.54
10.76
12.39
9.80
9.58
9.68
12.47
13.30
9.19
10.49
9.53
7.41
10.20
15.28
12.76
10.35
12.51
10.65
8.37
11.69
12.65
9.13
15.12
10.66
12.34
11.91
11.62
9.71
11.39
11.96
11.23
9.67
11.41
9.03
8.59
13.26
12.30
7.53
5.96
11.79
7.53
9.19
10.25
5.39
11.69
11.25
8.27
6.44
8.05
10.57
10.17
9.51
10.94
8.52
12.74
9.03
9.82
8.34
11.52
13.21
12.35
9.93
8.84
12.30
13.44
10.11
10.52
8.61
10.10
9.76
12.49
13.01
6.71
7.34
10.77
7.40
8.68
8.12
10.03
7.47
7.93
13.84
10.30
9.50
10.85
7.89
9.75
7.60
10.55
8.61
14.36
6.67
10.70
8.99
12.25
14.87
9.32
11.70
11.83
8.81
7.36
9.02
14.73
8.72
8.82
13.23
12.97
4.92
9.63
9.25
9.42
10.15
8.30
10.12
9.12
4.98
10.40
10.74
9.38
8.23
11.53
7.97
10.68
10.25
10.81
7.45
16.17
8.62
8.21
11.81
11.11
12.20
6.66
10.36
7.93
12.65
9.18
9.99
8.46
10.81
10.11
7.67
10.84
5.61
10.80
11.52
7.53
3.25
9.37
15.88
10.44
8.63
8.39
9.74
5.91
12.02
7.95
10.76
10.28
7.60
12.92
10.31
10.55
8.21
9.90
11.60
7.61
10.82
9.38
11.03
8.39
12.07
6.62
6.43
11.64
7.01
12.77
12.17
11.44
8.16
10.11
10.05
9.67
8.36
12.80
8.67
12.35
9.36
8.68
10.54
11.87
11.45
6.96
12.03
6.67
11.75
13.87
11.36
8.16
10.75
10.68
11.36
7.49
8.71
9.76
9.60
9.27
9.12
8.03
11.01
10.08
7.68
12.14
9.23
9.51
10.84
11.00
11.84
7.63
12.71
8.57
9.83
9.90
7.72
10.25
12.35
10.28
9.31
7.66
11.07
13.24
10.25
10.46
5.24
12.20
8.05
10.16
11.17
11.03
5.69
5.97
8.46
11.92
4.96
8.51
9.92
7.96
4.76
8.16
13.91
13.89
12.45
10.57
11.34
9.08
8.44
7.37
9.01
10.70
7.14
7.79
9.10
11.28
14.63
10.46
10.10
5.79
9.70
5.74
11.51
10.00
7.94
13.13
8.58
5.67
11.44
6.43
13.53
7.30
9.28
7.55
10.84
12.80
11.02
8.77
7.62
7.78
10.31
8.35
8.82
12.45
12.80
8.92
13.87
10.02
8.14
6.73
12.08
13.40
11.73
8.32
9.21
10.75
8.40
6.74
12.04
8.72
8.55
17.35
11.21
10.21
10.23
11.23
8.30
9.10
5.07
11.97
8.60
12.55
9.07
11.48
7.62
12.93
9.55
11.04
11.34
11.16
8.93
10.66
9.04
10.36
11.19
9.05
12.44
9.67
4.38
11.74
6.86
9.35
9.01
8.94
12.03
8.01
5.21
9.67
12.95
8.45
9.71
10.75
7.29
12.41
10.59
11.30
7.83
12.09
9.40
8.28
5.57
9.52
6.31
8.37
6.42
10.25
9.09
12.01
8.74
12.40
9.09
13.38
11.70
8.47
11.10
9.57
9.34
10.00
11.10
12.05
11.54
12.69
8.91
11.26
12.04
9.90
10.96
8.95
9.90
8.34
5.82
5.15
8.42
7.48
11.80
17.30
6.87
11.89
8.86
6.63
8.39
9.11
10.14
15.44
13.12
11.11
13.02
15.06
9.95
10.88
8.05
5.72
3.42
9.79
10.71
9.65
11.50
12.43
8.72
10.17
8.86
14.46
8.59
9.17
12.65
10.06
10.81
12.85
10.68
9.97
11.00
4.88
8.88
10.09
8.82
10.97
9.18
8.54
13.49
10.54
10.56
8.61
9.56
11.10
7.93
10.77
9.95
9.66
13.94
9.27
10.22
11.13
9.05
4.41
8.33
10.10
12.72
12.12
8.50
6.50
10.81
10.80
13.68
10.60
10.02
9.04
10.42
10.26
9.48
10.47
12.35
8.70
9.38
12.94
10.56
7.20
8.01
8.77
9.59
9.34
9.97
10.96
9.32
10.47
8.73
8.39
12.49
13.72
11.85
12.06
11.40
10.04
5.14
11.51
9.99
11.17
11.24
12.52
9.70
7.57
12.68
9.71
7.48
16.17
11.20
8.92
9.90
9.17
11.26
9.72
8.69
11.13
9.34
12.27
10.81
8.51
6.74
9.77
6.86
8.95
10.54
8.45
7.45
7.13
9.90
10.16
13.56
9.97
7.78
11.11
11.82
9.64
10.62
10.57
12.37
5.27
10.67
10.73
7.90
10.69
13.65
12.88
7.57
8.77
9.40
10.86
8.69
11.25
8.30
8.38
5.80
11.70
10.42
13.84
12.48
10.05
10.28
8.20
8.09
12.52
7.48
5.91
9.77
7.11
8.86
6.67
9.28
12.30
13.69
11.23
9.29
8.87
7.95
15.27
10.42
10.71
8.54
13.07
9.33
8.89
11.66
9.19
6.62
12.44
9.92
9.89
5.99
11.38
12.84
4.40
12.09
11.11
9.00
10.00
6.67
8.70
7.85
7.56
11.53
10.34
10.80
9.85
14.31
10.28
9.58
13.36
8.74
10.87
14.32
5.46
13.89
10.30
10.84
8.11
8.92
11.24
13.44
7.59
13.08
10.36
6.70
7.72
10.54
11.76
8.03
13.72
9.92
11.82
7.80
4.00
5.61
9.83
11.89
7.36
9.61
11.26
10.59
7.90
7.54
10.86
10.95
6.54
9.24
11.33
8.70
13.41
5.33
10.36
9.79
9.47
11.35
14.40
11.93
9.17
9.27
12.37
9.55
10.39
10.21
10.98
6.93
7.33
12.08
13.63
11.74
13.12
10.94
7.39
9.80
7.43
15.86
6.63
8.21
9.61
12.51
9.04
13.06
11.35
10.97
8.46
13.46
9.65
9.16
12.00
12.21
13.09
11.95
9.00
8.29
12.97
6.29
12.14
10.96
9.48
8.23
13.46
8.61
10.43
14.39
5.69
4.60
5.47
12.88
12.08
9.32
10.34
7.59
9.28
10.54
12.38
10.31
10.61
11.71
9.60
14.38
9.40
11.17
8.29
5.81
8.64
8.90
8.98
9.97
9.30
6.51
8.48
11.45
10.24
10.30
10.41
14.77
6.66
9.81
11.46
10.86
6.70
8.65
6.86
9.44
13.86
9.80
6.45
11.56
10.12
13.34
9.53
5.10
7.87
8.54
8.12
7.75
11.98
9.60
8.35
7.09
7.67
8.42
7.21
12.48
8.01
12.64
12.22
5.85
9.16
13.15
8.28
7.89
7.85
10.65
10.16
11.85
7.98
6.12
12.29
8.94
10.09
11.18
9.58
5.11
10.73
11.88
10.90
10.00
8.59
7.89
11.42
9.70
10.71
13.68
8.28
11.08
8.63
7.69
7.30
11.33
10.90
11.88
11.43
14.26
9.56
11.13
5.22
7.99
9.99
9.90
15.51
11.66
12.15
11.15
10.77
12.56
9.01
12.08
7.35
8.15
10.24
9.21
10.36
8.49
12.97
9.51
11.70
5.45
9.88
12.20
10.56
12.39
9.21
9.84
11.42
14.31
10.85
11.81
10.44
12.81
12.13
11.44
7.85
11.74
11.72
11.54
8.29
8.20
7.67
9.33
10.12
2.76
9.68
7.21
10.40
9.75
10.63
10.14
11.19
12.86
3.64
9.05
6.34
8.45
8.83
12.13
9.72
7.96
10.71
14.42
11.60
8.52
8.85
10.30
10.40
6.85
8.38
5.03
11.53
8.73
6.15
10.94
12.84
11.75
5.62
9.71
11.42
8.81
8.32
14.15
10.92
11.33
8.68
7.80
9.97
6.77
5.30
11.81
9.40
9.83
7.82
12.19
10.29
11.90
12.67
9.46
9.26
10.61
12.32
7.36
11.10
6.90
7.04
10.17
10.17
11.34
7.06
9.89
10.02
8.54
8.04
7.91
7.82
9.52
8.97
11.92
11.20
13.84
6.54
9.14
10.66
6.88
12.11
6.38
7.73
9.97
6.99
14.80
7.15
10.61
9.90
10.60
11.45
7.60
10.49
7.96
13.87
10.28
12.83
13.46
9.77
5.80
10.85
7.19
13.14
10.01
9.15
8.98
12.20
8.85
11.41
8.86
11.70
7.37
11.51
9.68
14.10
10.39
6.13
9.39
11.35
13.57
12.79
11.57
9.54
8.74
10.99
8.22
7.46
7.10
9.73
11.54
10.67
12.31
7.18
13.67
10.74
11.07
11.00
10.09
10.21
8.03
13.19
11.53
9.28
8.10
6.51
9.83
12.99
11.77
11.73
7.97
9.29
7.31
10.93
10.57
8.55
9.79
8.61
10.83
5.76
10.88
10.87
11.89
12.50
7.99
7.75
10.56
8.34
10.53
13.03
10.57
9.39
7.73
8.45
8.24
10.39
12.33
8.40
14.89
10.20
8.68
5.09
7.41
11.24
8.14
8.01
9.80
5.28
8.84
11.70
13.45
11.70
12.94
7.30
7.28
9.39
9.79
8.82
10.87
12.93
7.33
10.38
9.26
13.13
13.22
9.72
7.27
9.88
8.70
8.91
11.42
10.45
6.99
8.77
10.96
12.08
11.75
4.34
9.80
9.27
8.58
6.73
12.37
9.07
8.15
9.08
6.79
7.59
11.79
11.86
8.57
10.43
11.87
4.99
12.38
10.14
9.51
9.83
11.46
8.97
11.14
8.95
11.14
11.38
8.22
12.22
9.33
13.95
12.62
8.64
9.41
5.86
11.16
6.50
10.27
7.35
10.09
10.43
7.34
6.92
11.09
12.59
11.39
8.34
8.16
10.27
12.03
9.01
9.61
8.12
7.76
10.32
9.32
10.40
9.87
8.40
8.71
4.81
13.03
12.06
5.44
13.50
6.97
12.26
7.71
9.14
8.33
10.56
8.57
8.78
8.48
11.46
6.16
5.10
11.84
10.40
14.60
8.00
11.79
9.31
9.87
7.83
10.30
8.57
7.34
13.69
8.73
4.48
11.72
9.42
6.48
10.92
10.23
13.33
10.01
8.38
9.66
7.65
10.87
8.77
13.52
9.11
11.49
14.72
10.40
10.38
7.97
8.96
11.40
13.50
8.55
6.49
10.19
12.44
7.68
11.07
13.00
9.06
13.64
12.05
9.95
6.62
9.01
13.11
7.68
11.43
8.86
12.90
9.64
13.86
9.06
7.98
5.29
9.86
10.52
10.54
12.12
10.17
12.20
9.89
10.86
10.29
12.16
10.29
10.80
9.27
12.61
11.78
12.20
10.15
14.45
9.99
14.47
9.55
5.47
8.07
9.44
13.57
8.31
15.48
13.23
8.35
8.10
8.96
8.62
11.47
7.65
8.77
7.95
9.83
7.92
6.40
10.74
8.88
12.17
10.89
13.11
10.62
8.40
11.14
10.16
8.51
11.45
11.56
9.92
8.06
9.35
9.67
11.84
7.25
10.09
9.45
10.05
11.57
9.64
8.81
8.24
5.48
8.60
8.83
5.06
9.08
9.65
11.77
8.23
6.55
14.61
13.87
6.74
12.11
12.49
10.80
9.55
13.35
9.74
10.95
9.51
5.96
7.04
13.84
11.71
9.21
8.82
10.99
10.38
7.80
6.99
10.02
15.74
13.17
6.36
11.03
11.33
9.32
8.37
8.67
11.10
11.67
11.88
13.51
6.76
7.67
11.41
7.22
14.92
14.29
8.25
12.12
7.59
11.67
10.80
10.12
9.52
11.03
8.91
10.09
8.53
5.85
12.91
10.06
11.56
6.91
9.06
10.90
9.04
10.15
11.65
10.65
6.77
10.72
9.07
8.33
8.27
6.43
8.22
10.22
7.99
7.24
10.05
14.31
8.51
12.96
10.48
9.53
13.73
6.64
11.48
12.37
6.71
11.04
13.40
9.87
10.81
13.47
7.50
12.23
7.16
13.51
10.46
8.13
8.79
6.49
13.27
10.65
8.64
6.93
11.17
12.83
12.39
10.72
7.32
4.42
9.88
11.58
7.45
12.48
9.10
11.37
9.99
13.30
9.41
10.01
6.81
13.75
9.89
5.63
4.96
9.55
9.52
9.30
5.92
14.69
10.14
10.71
6.70
12.02
15.32
12.65
13.02
12.78
6.19
9.14
8.88
14.09
10.32
10.60
9.95
11.62
13.75
9.54
12.11
7.77
11.13
13.30
7.39
10.61
12.22
5.71
14.59
7.66
8.43
6.68
6.95
9.79
11.71
5.65
10.68
9.45
7.36
8.12
8.64
10.53
10.40
6.47
13.13
12.44
11.41
10.08
8.12
3.54
10.27
10.20
8.37
10.41
11.26
8.30
13.83
7.45
9.88
13.71
5.41
8.52
10.94
13.62
7.95
11.42
9.45
9.00
8.94
14.93
12.15
10.66
6.52
12.81
8.84
7.05
12.64
10.19
7.59
9.13
10.26
7.96
11.50
8.23
11.93
10.99
11.06
12.00
7.94
9.42
9.80
9.28
9.09
12.68
10.81
11.48
9.77
9.65
6.55
9.49
8.66
7.98
7.11
10.06
9.48
10.76
7.06
10.86
10.58
8.57
10.24
7.31
10.45
10.61
11.68
10.85
12.92
11.23
8.62
9.33
7.16
11.96
11.84
12.61
8.51
8.70
8.35
11.84
11.35
9.86
8.69
11.17
9.50
12.67
8.57
10.27
10.00
9.79
8.92
10.81
8.78
12.90
7.28
5.18
9.77
8.38
11.57
8.82
7.82
11.62
10.07
7.82
7.47
7.17
11.05
7.79
7.70
6.91
10.77
10.52
9.79
11.22
11.62
12.94
8.50
5.85
8.45
13.99
8.39
10.63
9.71
10.97
7.52
8.81
10.12
11.94
12.51
10.95
9.20
12.17
9.72
8.28
9.71
9.22
12.23
9.64
10.48
7.92
4.95
4.81
9.87
10.25
10.61
11.66
7.32
8.62
10.31
6.47
6.47
9.69
12.70
6.90
9.23
10.94
9.98
11.45
12.13
6.02
9.92
9.27
8.90
6.71
11.22
5.50
9.82
10.65
10.37
7.68
13.95
8.40
11.29
8.33
10.69
12.55
9.68
9.51
7.57
8.10
10.43
7.59
11.24
12.54
10.14
9.43
6.11
8.39
14.73
8.72
12.95
8.78
12.97
7.46
8.01
9.52
9.09
8.49
10.27
10.86
16.51
12.18
11.05
14.11
6.78
8.27
11.33
11.81
7.66
8.27
10.83
7.51
8.74
9.25
6.84
12.74
11.16
12.29
7.19
10.87
10.69
12.44
12.87
8.24
14.34
8.23
9.60
7.82
6.04
9.33
10.53
9.13
8.02
7.89
9.36
9.04
6.93
11.77
6.41
8.34
12.40
10.68
7.62
10.00
12.53
9.95
9.83
8.21
8.98
13.34
10.71
9.10
8.75
8.77
8.35
12.56
8.34
5.33
9.23
4.14
8.07
10.71
8.18
8.74
11.86
10.01
10.74
10.13
10.76
15.11
9.09
9.83
11.56
15.52
7.74
8.88
13.18
8.32
7.85
12.34
9.31
10.37
8.83
8.71
8.73
12.39
13.27
8.80
14.07
11.25
10.79
9.28
13.31
12.97
8.45
6.01
7.88
13.86
11.21
9.89
13.47
12.98
12.45
6.33
8.13
8.71
11.36
7.93
11.44
11.94
13.73
13.18
11.01
9.51
8.25
10.22
5.36
7.15
9.83
10.05
8.59
5.90
12.15
5.54
14.99
8.17
9.59
11.25
12.16
7.04
8.79
14.79
8.45
9.92
11.00
13.13
9.14
9.63
12.20
10.31
12.05
11.12
12.52
6.66
8.58
6.37
10.25
13.22
5.96
7.54
7.24
9.93
10.17
12.11
7.36
10.09
12.70
11.61
4.30
13.08
11.31
8.94
8.08
6.38
8.97
9.95
12.58
13.45
7.46
9.54
11.36
10.98
13.09
11.67
7.89
10.62
11.05
6.39
8.22
10.19
5.86
6.19
9.33
14.21
8.36
4.59
9.22
10.99
8.45
10.27
9.40
6.31
5.06
6.60
8.62
9.89
10.01
11.55
8.86
11.08
7.11
10.30
11.77
9.65
11.18
9.03
7.61
8.12
13.61
9.69
15.17
6.97
8.93
14.06
11.40
10.37
11.70
6.69
7.38
11.89
8.02
7.58
8.41
9.20
9.38
10.51
8.51
12.66
11.01
11.86
6.49
15.61
9.74
8.25
7.66
10.58
7.66
11.14
7.97
9.02
11.49
12.10
11.66
9.05
8.62
8.11
5.58
12.91
6.55
11.00
8.18
8.19
8.97
9.30
4.59
12.21
7.80
7.74
13.79
12.56
6.08
7.95
10.69
7.67
8.89
9.82
11.67
12.36
8.97
11.28
7.03
9.66
7.55
10.35
10.45
7.46
8.56
11.20
4.63
6.93
11.19
10.43
10.48
11.87
8.70
11.50
8.70
5.70
9.08
7.65
10.69
11.72
7.88
5.93
11.18
7.44
6.55
13.08
7.45
9.41
13.16
12.32
12.67
10.58
11.53
10.37
7.70
15.95
8.58
12.75
9.30
11.00
10.94
7.68
10.37
8.13
7.25
5.37
9.55
8.36
8.81
7.46
8.32
9.06
9.52
8.69
11.74
13.20
6.62
11.94
8.37
10.66
14.03
10.65
11.82
10.22
8.83
13.46
8.71
11.99
8.65
5.63
8.79
6.91
13.07
9.19
12.85
9.12
10.14
11.74
8.62
11.05
7.74
10.36
12.51
8.17
8.45
8.75
11.48
13.11
9.66
6.98
8.81
12.55
9.61
14.11
7.74
13.55
12.22
11.36
4.11
10.60
10.30
8.32
15.01
12.53
8.70
8.45
10.78
9.32
7.96
8.65
10.93
12.54
10.08
11.27
10.41
12.73
12.80
2.36
6.10
11.68
9.82
8.97
6.19
8.54
9.85
8.36
6.91
8.44
6.23
10.79
9.18
10.63
9.72
9.28
9.31
9.84
10.13
9.67
7.55
8.50
10.20
9.24
10.16
6.66
9.46
7.80
12.82
10.95
9.01
13.59
8.11
9.11
9.16
14.04
7.30
10.57
8.93
13.69
13.07
16.12
10.02
8.48
8.87
11.79
12.98
13.04
7.69
9.45
14.48
8.84
14.51
9.46
10.50
9.69
11.96
3.86
9.26
11.45
13.78
13.15
9.23
14.06
9.77
9.08
10.31
10.73
9.41
10.64
9.04
9.13
10.90
8.68
11.05
11.38
10.27
13.98
9.86
11.80
13.37
10.72
11.53
10.25
10.19
10.21
7.24
9.77
8.56
7.58
12.46
6.10
7.43
11.16
5.87
8.57
12.83
10.66
9.51
8.79
8.28
9.94
6.50
12.32
6.26
13.30
4.87
8.88
9.33
11.76
12.00
8.65
11.95
12.55
10.84
12.26
8.80
10.34
9.38
12.29
9.58
12.49
8.18
7.73
9.49
8.41
9.71
14.81
10.99
10.06
13.73
6.11
6.94
6.61
11.83
13.93
10.73
13.59
6.95
12.22
10.77
8.80
8.02
9.01
10.46
8.12
11.55
12.10
12.72
10.68
10.72
9.40
7.36
10.67
8.76
6.18
9.72
10.65
12.61
10.43
11.67
7.62
7.10
8.26
12.02
9.01
14.71
9.29
9.82
11.41
13.71
8.90
16.90
8.63
9.62
8.56
10.91
14.53
9.59
13.89
10.45
10.93
13.23
13.65
10.41
9.77
7.58
8.94
8.38
11.64
9.80
10.58
10.27
11.32
5.94
10.52
8.69
8.94
9.86
8.12
9.88
7.84
8.56
10.50
10.91
4.60
7.62
8.21
10.93
8.28
11.34
4.18
8.19
9.36
8.73
14.00
10.46
11.70
10.47
12.00
9.75
10.31
11.12
13.83
9.93
10.62
10.27
9.06
10.41
8.20
10.50
11.90
4.09
9.69
13.86
12.21
9.05
11.11
8.80
11.58
8.13
10.17
8.76
7.07
8.32
9.67
13.79
8.81
10.30
7.66
6.91
11.00
8.70
11.38
9.71
4.70
6.50
14.63
11.94
12.51
11.65
11.63
9.33
9.54
9.88
5.74
9.99
12.74
10.77
8.85
8.11
12.71
11.42
10.87
10.12
7.00
8.80
10.72
6.86
10.99
12.96
14.00
9.90
9.52
14.76
11.27
10.73
9.00
7.03
6.14
8.81
9.58
13.48
13.96
13.77
10.01
10.64
11.55
8.05
11.25
7.56
11.81
10.91
7.13
11.85
5.35
7.73
10.60
11.36
8.80
9.36
11.40
7.29
5.91
8.26
9.54
7.60
9.18
6.47
10.12
10.81
11.58
10.69
10.35
13.35
4.44
8.99
9.45
7.58
4.33
10.61
11.19
7.17
12.34
12.83
7.80
10.23
10.87
12.35
9.41
11.57
11.19
11.61
5.64
7.69
12.37
8.54
9.83
10.20
10.80
12.04
9.95
9.90
10.37
5.04
10.05
9.03
6.19
11.26
10.21
6.43
12.02
10.48
9.91
8.50
8.72
9.96
11.35
10.59
11.34
10.48
7.77
13.17
7.18
9.70
9.35
11.21
10.18
7.56
8.89
11.81
6.75
12.41
10.31
8.69
8.84
10.73
6.70
10.46
14.17
6.71
11.73
8.76
8.64
6.58
7.73
13.02
9.65
9.84
7.85
11.65
10.04
10.23
11.71
10.20
9.84
7.96
8.24
9.22
6.64
12.67
12.11
11.32
9.56
10.42
8.41
11.15
8.15
11.33
9.15
10.29
8.65
8.07
13.73
11.57
11.39
10.36
12.32
8.44
9.56
8.43
9.13
15.45
11.45
6.21
8.86
12.20
11.00
10.60
10.46
11.14
4.46
11.01
10.49
8.27
11.59
11.86
11.91
11.91
10.52
9.51
7.00
4.47
8.77
8.75
11.63
9.97
10.95
6.91
14.11
11.03
8.81
8.84
13.64
11.82
10.55
11.31
10.20
4.81
9.58
8.00
12.91
10.83
10.83
12.14
10.12
7.09
9.84
8.33
11.16
13.76
6.55
14.13
8.34
7.98
8.78
10.81
11.35
6.45
13.19
10.23
8.91
1.99
8.13
12.37
6.50
7.01
11.74
11.25
11.66
10.91
10.91
12.58
8.91
10.96
11.47
9.25
10.16
8.20
13.11
13.29
10.77
14.71
11.64
9.93
11.71
8.41
8.21
11.79
11.94
10.58
8.69
11.77
10.68
10.58
6.59
10.97
8.58
7.51
12.50
10.50
7.41
9.83
11.72
10.93
8.82
11.10
7.64
6.78
11.47
11.36
8.95
11.66
9.85
10.19
10.58
11.68
10.50
7.34
7.43
10.71
12.42
11.28
7.87
12.96
11.42
12.24
8.98
4.03
7.64
8.25
10.04
9.76
14.97
8.84
9.32
7.59
6.75
11.84
14.09
11.48
5.31
13.55
7.02
11.68
11.94
9.91
11.49
10.29
7.60
6.99
10.70
7.45
9.66
7.26
10.05
8.00
7.42
7.50
10.99
5.91
14.29
7.26
13.05
9.01
7.88
13.64
8.88
11.89
9.73
14.57
10.06
6.50
8.01
8.79
12.64
11.15
7.61
12.44
5.13
8.93
9.06
8.49
12.18
10.45
9.61
12.78
9.50
10.11
4.17
9.12
11.04
8.25
10.01
10.87
7.83
8.43
12.14
8.02
12.77
11.04
7.73
6.42
14.33
9.62
5.62
9.70
5.11
11.32
7.02
5.07
11.07
12.42
12.99
8.89
10.76
8.28
9.02
15.61
9.99
8.94
7.52
8.70
10.13
9.35
10.86
9.47
9.54
6.74
10.90
7.63
12.35
10.47
12.08
9.69
13.20
6.69
12.83
14.14
8.41
9.38
13.42
6.40
11.95
13.98
12.35
8.63
9.72
9.35
7.39
9.32
11.69
14.03
10.50
11.96
9.69
6.43
11.37
7.70
8.96
9.31
9.39
11.95
15.25
12.24
13.76
10.22
10.05
9.50
10.65
11.29
10.76
8.77
12.16
9.13
7.75
8.29
13.17
9.38
12.73
7.91
11.49
13.29
10.25
15.01
8.23
12.90
8.13
9.46
10.15
11.18
12.24
12.48
11.25
12.21
12.56
8.77
12.94
11.48
6.74
9.89
9.95
5.53
10.95
11.79
11.25
10.37
8.34
5.42
8.26
10.17
10.14
8.15
8.09
10.45
7.42
11.35
11.17
9.54
8.39
8.46
8.89
11.87
8.50
10.68
12.70
10.46
13.79
14.59
7.33
7.95
12.84
9.81
6.58
7.94
10.03
7.47
13.63
10.90
7.66
9.01
6.15
10.64
7.77
11.04
11.94
12.44
13.87
7.53
6.71
8.27
7.88
7.53
10.02
12.32
5.53
9.58
10.39
9.35
7.84
11.52
11.85
6.74
13.06
11.29
7.45
12.42
12.34
7.34
14.29
8.95
8.27
9.37
12.11
9.23
12.73
9.80
8.62
9.93
5.95
9.61
6.12
13.67
11.89
10.67
10.15
8.81
13.86
8.14
10.11
11.25
11.07
8.36
9.95
9.86
10.89
8.24
11.76
9.16
6.83
7.91
11.44
9.78
14.23
11.58
9.95
8.46
9.53
10.03
9.26
9.47
5.82
11.71
8.71
8.78
5.27
14.13
12.34
7.86
9.86
12.95
11.85
11.20
9.41
9.24
12.31
4.87
12.05
11.03
14.33
8.76
5.71
12.89
6.73
11.17
11.21
8.27
9.94
11.54
7.84
10.08
11.96
8.22
9.16
13.26
7.79
9.53
10.67
9.42
6.03
11.82
11.08
9.84
6.52
8.02
8.97
11.18
10.40
10.05
8.62
7.99
12.25
10.06
8.63
9.89
12.83
7.02
11.32
12.40
10.42
11.31
13.24
11.60
13.36
6.50
12.56
9.55
12.68
7.55
7.46
12.40
9.58
12.18
9.68
6.91
10.48
11.72
7.37
11.94
10.84
8.96
10.52
12.84
6.96
12.51
5.29
12.04
6.74
8.63
16.20
9.94
10.16
12.05
10.03
11.09
9.40
12.54
9.75
11.55
8.85
5.47
4.98
10.59
7.77
8.45
12.71
14.81
9.57
7.97
6.73
14.36
9.95
9.72
9.38
11.44
11.82
14.26
10.01
10.62
10.28
13.86
10.03
13.79
10.89
7.30
7.82
7.71
11.84
10.75
9.41
10.06
10.90
9.98
9.20
6.21
8.32
9.72
12.74
9.07
14.56
14.97
9.55
9.86
9.90
8.61
9.93
10.49
9.47
13.26
9.42
11.85
7.77
11.45
10.09
6.96
11.14
8.88
10.34
12.82
12.81
11.36
3.55
6.93
7.28
11.40
10.23
9.44
11.94
8.63
12.44
13.09
11.93
8.15
5.41
9.06
11.64
9.39
8.55
12.16
10.54
5.82
8.77
13.15
8.44
12.68
11.32
10.89
12.50
11.25
9.24
11.14
9.13
6.55
10.53
9.94
9.81
9.53
8.41
7.56
12.34
11.67
7.05
7.80
10.47
9.57
16.70
8.91
7.64
15.16
8.53
9.26
11.53
10.01
7.78
9.13
17.12
7.87
8.95
6.12
12.96
13.49
10.13
9.83
11.81
12.89
8.31
7.84
9.34
7.97
11.21
11.73
8.52
9.64
11.10
8.02
9.87
11.10
8.63
10.47
12.31
13.14
12.76
8.65
13.39
12.77
11.15
11.62
11.38
12.83
9.57
15.67
12.77
9.03
11.60
11.26
11.46
9.79
13.00
11.76
11.14
8.00
9.75
5.34
11.69
10.27
7.77
16.24
11.59
14.39
8.65
9.40
13.87
11.48
9.95
12.21
15.28
9.51
8.95
11.48
10.91
13.37
12.47
9.65
15.38
10.48
8.43
11.60
11.96
14.33
9.18
9.05
10.62
5.59
11.35
9.60
11.08
10.30
10.66
8.23
9.08
9.85
8.81
10.94
9.47
6.04
13.25
9.69
15.58
5.89
10.33
10.20
10.00
7.44
10.08
12.70
13.38
12.15
8.65
15.91
8.30
10.58
13.01
6.62
11.75
8.45
13.88
6.83
9.97
12.28
12.07
6.39
8.67
11.25
9.86
11.91
11.22
9.18
7.66
12.35
8.82
7.52
12.42
9.28
8.42
11.72
7.96
12.34
11.22
11.51
7.86
7.73
10.92
12.61
7.98
11.72
8.80
8.14
12.97
9.84
9.96
14.73
8.82
8.65
12.47
8.87
10.67
7.44
11.92
9.16
8.18
11.27
7.26
12.55
13.58
8.59
11.45
11.90
7.37
11.96
10.71
7.26
12.63
7.78
9.76
16.02
12.40
9.48
5.73
11.06
9.87
8.24
10.98
8.61
8.80
12.47
9.29
11.23
6.52
11.08
8.65
8.77
10.94
7.96
12.84
9.50
7.51
16.51
8.67
5.48
9.74
7.18
12.87
9.66
7.66
10.59
6.73
7.86
9.51
13.90
9.26
10.66
4.84
9.44
13.28
11.10
11.33
9.71
7.91
8.15
12.22
9.88
8.35
12.35
9.76
14.02
13.88
7.18
14.56
10.62
17.06
12.40
9.80
7.20
8.22
7.08
11.44
11.85
12.65
12.87
5.81
9.71
5.50
8.96
10.58
10.61
7.91
11.37
13.59
7.99
12.52
8.13
7.10
7.57
11.04
12.43
7.38
10.26
11.68
10.58
8.47
9.93
5.12
12.03
13.18
8.42
11.86
12.24
6.53
9.33
10.85
8.25
11.55
10.32
10.04
6.82
18.38
12.72
11.48
8.50
9.93
6.30
7.34
8.89
11.30
7.01
12.48
5.90
12.84
5.67
7.73
14.39
13.27
7.91
8.08
10.31
10.85
8.51
10.71
10.50
9.41
9.61
11.66
10.89
10.36
7.26
5.07
10.34
7.76
13.23
8.93
6.49
9.74
12.19
7.10
10.35
9.34
9.22
9.00
9.47
11.76
11.24
6.48
9.94
9.40
9.33
5.95
10.51
9.04
12.82
9.55
7.88
9.20
10.65
11.59
6.94
9.03
11.48
10.77
7.73
7.85
13.31
10.15
12.76
6.12
6.11
8.42
8.69
10.68
8.67
11.49
7.85
9.67
10.16
7.18
9.52
12.11
15.18
12.10
7.47
9.69
12.43
11.12
8.59
9.54
7.45
8.70
15.74
9.72
12.00
10.04
8.28
10.37
7.94
8.13
10.20
9.48
9.91
13.53
10.25
13.04
6.02
9.80
6.92
8.79
7.05
10.88
13.74
10.88
10.91
7.61
10.25
7.64
9.50
11.75
9.81
12.76
11.04
17.54
10.40
11.61
8.90
8.13
10.29
8.75
12.11
8.43
6.80
11.90
9.57
10.57
7.84
10.11
5.95
8.27
9.18
11.75
6.54
8.25
6.51
13.41
8.15
14.80
12.25
10.21
8.96
9.97
7.59
10.61
14.89
12.89
10.43
10.74
10.68
12.26
8.34
9.67
8.23
11.15
9.58
8.40
10.13
10.22
8.48
11.02
11.49
9.01
13.30
12.33
7.46
9.22
8.91
10.08
9.35
16.34
9.66
8.98
10.71
10.94
12.16
13.51
11.78
6.00
9.60
12.84
10.12
8.70
7.53
10.59
11.50
11.03
10.44
9.45
10.62
7.79
9.32
9.48
7.92
9.60
5.53
7.58
10.62
12.40
11.08
7.46
8.46
5.80
11.59
12.06
12.40
9.44
7.02
10.16
11.42
9.85
12.05
12.60
10.31
12.78
8.80
8.98
10.95
13.62
17.21
9.48
8.86
10.26
8.19
14.00
10.11
10.17
8.89
6.80
11.16
4.14
13.44
10.28
8.45
11.20
9.66
9.85
10.60
8.76
7.84
10.07
12.43
8.16
11.38
7.72
11.31
11.48
7.87
6.99
7.94
7.99
8.80
11.10
11.53
13.88
12.90
8.67
14.17
9.16
12.33
9.75
8.31
9.24
6.31
14.03
7.77
9.21
12.14
11.93
8.68
12.63
7.60
11.39
10.26
12.29
10.84
7.86
9.08
11.44
8.50
12.10
7.74
8.42
9.81
6.18
15.56
9.75
9.14
10.98
10.82
11.37
8.88
7.41
9.19
14.23
11.14
11.59
11.49
8.40
16.42
10.16
12.38
14.20
9.38
7.67
11.82
10.08
10.02
10.19
14.30
8.88
8.92
9.16
10.94
8.95
11.11
7.80
10.34
5.52
11.83
7.02
11.27
10.12
11.59
7.77
9.78
12.41
7.10
13.31
11.31
10.25
10.06
7.58
10.64
12.06
7.30
11.21
8.48
11.77
10.80
11.79
9.13
6.99
12.11
9.72
7.87
6.79
9.45
5.52
7.68
7.62
14.33
10.77
7.04
11.00
9.42
8.72
4.29
6.78
8.29
7.97
10.58
10.08
14.83
8.35
7.88
5.90
12.45
9.57
8.57
13.72
12.65
8.65
14.61
9.08
11.19
5.27
10.11
12.20
9.53
8.83
10.69
7.00
6.36
5.97
7.96
11.99
11.14
11.82
10.11
7.70
4.79
6.39
8.98
7.94
9.14
8.32
10.41
11.84
14.57
9.99
10.45
10.81
9.05
9.19
9.13
11.48
11.94
11.24
9.61
8.39
8.86
12.03
10.58
9.47
6.93
6.08
8.98
10.14
11.98
13.52
7.17
12.37
9.06
12.01
5.54
10.39
8.36
12.94
12.19
11.29
10.39
10.37
9.75
9.44
9.50
9.67
9.05
3.10
6.36
7.65
6.54
6.79
6.89
11.11
9.24
7.45
9.42
8.88
6.91
11.88
11.44
9.03
9.98
5.29
6.71
14.01
8.10
13.06
9.00
5.68
9.54
10.49
10.35
5.41
10.12
10.38
10.00
8.78
8.44
9.48
11.80
5.86
11.06
9.90
9.68
12.42
8.90
8.88
8.00
9.26
8.37
8.56
9.86
9.41
9.65
11.30
7.18
7.75
12.49
8.09
9.15
9.36
11.18
8.82
12.07
11.23
12.53
9.16
7.21
12.17
12.48
6.52
13.36
8.36
7.57
8.43
11.42
8.85
9.04
9.58
12.01
9.41
10.26
11.97
5.31
9.88
10.32
7.73
11.80
7.92
9.83
11.49
8.41
10.14
11.43
10.07
8.25
12.88
7.16
12.28
7.90
7.75
13.68
7.73
9.28
9.78
9.31
8.78
11.41
12.53
12.01
10.61
8.90
3.62
4.96
10.96
8.05
9.32
8.50
4.84
3.85
8.04
13.74
13.44
10.53
11.01
7.45
7.25
8.30
9.96
5.90
10.80
11.38
9.98
11.52
8.52
10.54
10.48
8.40
10.90
9.51
9.08
7.92
8.59
8.72
11.84
9.27
7.70
7.30
7.79
5.65
9.67
12.89
8.88
8.72
11.68
10.25
14.37
10.87
7.02
14.05
9.85
8.80
8.35
9.06
13.28
11.81
10.31
10.68
11.65
9.04
9.28
8.82
8.65
8.97
13.18
9.40
10.48
6.05
8.58
11.55
9.52
9.69
8.01
9.97
12.20
15.05
7.11
15.92
10.46
8.23
11.81
10.46
8.98
10.42
8.74
10.27
4.36
7.25
8.34
5.68
10.69
11.62
8.03
8.98
11.33
8.28
10.17
12.56
9.98
10.21
12.61
13.78
8.08
5.63
10.97
11.78
5.86
7.79
11.02
9.48
11.23
11.04
12.72
14.66
9.90
10.00
9.08
8.16
5.53
7.99
10.39
7.89
6.88
12.16
11.79
12.32
9.13
11.92
9.78
11.70
8.29
8.29
11.12
7.93
14.34
10.48
11.50
8.47
2.83
6.40
6.17
9.92
11.29
8.24
11.09
8.77
7.31
11.22
4.47
14.21
13.52
5.96
11.36
11.22
10.01
8.83
13.66
12.15
12.56
5.22
9.09
8.42
12.08
9.65
8.85
11.14
12.71
7.62
7.60
12.01
8.43
12.64
9.63
12.81
11.25
15.79
9.12
9.36
7.53
10.25
7.44
10.70
7.83
10.69
8.68
8.75
10.97
9.59
7.23
5.56
12.02
8.20
11.88
5.62
12.76
9.96
9.43
10.34
11.31
8.18
8.47
8.23
9.05
9.57
10.06
6.86
7.70
9.17
7.72
11.36
11.59
5.28
11.92
8.00
10.34
8.34
11.30
8.00
12.78
10.53
9.67
7.31
11.69
10.85
7.86
7.29
12.20
7.81
8.97
9.27
11.12
5.36
13.36
12.08
8.34
10.37
12.17
7.97
13.53
14.67
5.07
9.52
7.57
13.83
8.44
8.37
12.52
8.30
8.40
11.90
9.44
10.52
9.91
5.07
10.48
8.37
7.65
10.02
11.07
9.12
7.07
12.07
10.11
11.50
9.99
13.94
9.86
8.15
12.65
9.46
12.17
7.29
8.09
7.90
11.25
5.16
8.25
7.37
9.86
10.76
7.91
7.53
12.52
8.53
4.75
10.08
6.40
12.18
9.37
9.80
9.77
13.88
5.59
11.58
13.76
10.97
13.90
10.74
11.07
11.47
11.26
7.98
11.78
7.56
7.89
11.57
9.60
10.32
9.67
7.27
10.43
5.00
9.53
14.31
6.48
9.94
10.02
10.95
9.04
11.34
6.46
6.97
10.20
8.74
10.83
9.66
11.03
13.24
7.40
12.13
4.31
6.23
7.68
10.12
14.49
9.38
8.67
7.81
8.32
12.62
13.88
11.42
11.71
9.90
9.41
6.57
9.38
11.62
14.71
9.36
8.28
8.97
11.29
5.73
9.98
7.89
12.06
7.59
9.31
13.60
7.05
10.92
6.56
10.88
6.93
4.07
9.23
12.98
9.59
10.62
11.17
9.94
12.12
9.11
11.15
13.31
12.72
11.37
12.16
10.67
9.70
9.77
14.16
12.01
13.82
10.49
11.59
9.13
12.95
10.18
11.21
9.06
10.91
10.29
9.03
12.29
9.16
5.29
6.69
6.33
8.93
11.83
12.62
10.50
11.35
8.46
5.88
9.60
6.23
10.72
9.40
10.84
11.57
10.38
10.83
11.36
11.35
5.67
10.08
11.72
8.96
12.44
11.38
10.39
10.07
7.11
10.44
13.44
5.89
11.85
5.86
10.22
12.45
4.81
8.52
7.02
5.96
13.14
8.43
9.40
7.45
7.30
8.15
12.28
10.03
9.04
9.16
7.34
9.99
9.72
13.20
8.53
8.72
12.58
10.75
8.80
10.43
10.61
9.79
8.16
7.22
13.48
9.72
13.94
9.16
8.22
11.71
10.09
12.22
8.28
12.71
12.59
9.25
11.91
11.96
10.65
9.34
11.74
12.73
12.77
8.05
8.85
9.80
15.15
5.84
7.65
12.12
7.13
9.26
8.39
7.17
8.78
9.94
10.00
11.96
9.66
10.88
10.52
8.46
9.80
9.37
11.90
6.60
9.52
7.60
9.02
13.42
8.70
8.26
12.58
8.82
6.30
11.20
13.60
7.47
13.06
10.77
6.68
11.72
10.14
12.35
10.67
10.26
9.10
7.62
10.97
14.71
12.02
4.39
9.30
8.31
10.98
11.13
7.53
6.42
9.01
8.55
7.67
6.74
7.84
9.22
11.17
11.68
14.08
8.05
8.72
9.67
8.46
9.57
13.99
10.45
9.63
8.85
10.59
12.61
7.73
8.04
12.33
6.84
7.92
16.09
7.02
7.26
10.08
8.64
5.41
5.12
8.71
10.99
14.46
10.67
11.69
9.33
10.50
11.36
9.10
10.77
7.42
10.86
13.97
10.34
9.39
3.83
13.51
8.58
10.71
8.23
9.17
9.55
11.02
8.79
9.88
8.39
5.85
10.17
7.21
11.57
13.56
10.30
9.22
9.22
8.33
14.15
8.31
12.80
11.04
10.67
10.79
12.90
5.09
10.35
10.28
14.08
5.76
10.57
10.37
10.30
8.16
6.86
10.42
8.86
8.21
13.05
12.44
12.77
10.14
9.52
12.54
8.63
11.13
3.93
9.89
14.93
12.71
9.19
10.96
12.44
9.45
9.01
10.51
9.18
13.87
8.84
8.98
11.27
7.59
12.58
14.43
11.82
10.39
4.08
10.02
11.54
12.15
11.82
12.47
13.57
9.02
9.30
8.97
11.64
6.46
7.36
6.22
8.43
8.81
7.51
11.40
6.33
9.26
7.94
12.12
9.83
11.39
9.02
14.14
11.93
8.09
12.65
12.12
12.27
9.94
8.46
11.12
10.59
10.90
8.13
8.99
12.29
12.01
9.05
12.98
14.72
9.09
10.91
9.25
10.84
9.32
10.17
8.68
12.43
10.01
8.87
10.06
9.38
5.36
12.49
8.68
11.66
10.91
11.65
11.20
8.42
11.33
10.37
8.42
6.20
8.13
12.62
11.56
10.70
11.70
10.03
7.50
13.46
10.52
11.66
6.24
11.54
12.50
9.13
8.92
12.24
11.18
10.44
10.37
8.41
8.84
7.11
14.21
9.22
8.92
9.22
7.28
10.90
12.37
9.50
9.22
10.97
8.67
7.75
8.51
7.83
9.67
11.22
6.17
6.93
13.31
7.46
13.03
11.16
13.59
9.86
8.73
9.81
8.51
13.03
9.03
12.94
11.45
12.19
8.57
8.42
10.61
10.12
10.83
11.14
11.82
9.07
12.62
7.55
11.58
9.87
11.42
10.67
8.58
8.43
5.58
4.81
12.71
10.33
6.75
13.85
11.36
8.14
10.61
6.87
12.88
7.84
8.28
10.38
11.35
11.07
14.76
12.96
7.48
10.24
8.00
9.95
8.77
8.75
7.52
9.73
7.04
10.64
7.06
10.28
9.70
9.88
10.23
9.89
11.74
10.07
9.38
10.00
9.53
9.43
7.87
7.30
9.34
9.15
5.82
7.62
7.75
10.05
12.69
9.74
10.08
7.53
3.39
9.19
7.63
9.26
11.77
10.01
10.35
9.43
8.38
12.08
9.41
13.11
13.73
8.76
8.83
10.23
10.44
10.69
12.78
10.72
5.39
8.38
8.02
14.55
10.59
11.05
11.09
6.80
12.12
12.96
6.04
4.30
6.38
11.92
8.41
12.72
11.54
12.40
13.53
11.19
9.77
8.98
11.22
10.70
13.82
9.17
11.65
12.71
12.61
8.63
9.53
9.91
11.45
7.60
7.66
10.29
11.95
10.32
8.89
13.06
11.19
7.13
10.51
9.62
9.75
13.05
9.82
7.61
10.02
8.58
8.13
10.28
12.89
6.95
11.45
7.72
10.94
7.53
12.61
9.36
11.85
13.93
5.20
11.13
15.04
9.31
12.36
12.71
12.16
9.22
4.98
8.24
12.32
16.28
7.34
11.25
10.96
7.80
9.34
9.23
11.16
14.32
7.33
11.09
12.04
10.11
13.18
13.45
12.66
5.71
6.87
10.21
7.28
11.74
8.53
5.84
14.12
11.88
9.88
7.88
13.19
11.29
6.20
10.98
9.54
10.13
10.00
13.82
10.93
9.91
10.06
14.72
11.23
8.78
7.26
11.55
11.60
13.10
10.99
6.08
9.46
9.80
14.64
9.29
11.08
12.68
7.67
10.67
10.13
9.61
7.59
8.50
11.02
8.98
6.71
10.69
11.44
4.16
10.15
12.35
11.45
9.35
11.06
9.15
12.91
9.12
9.81
12.70
4.85
9.17
7.62
9.91
5.23
10.47
9.08
10.60
12.63
15.27
8.82
13.18
7.29
9.20
7.89
6.62
10.73
9.12
10.75
7.60
7.19
10.35
9.52
9.87
12.01
11.19
10.56
9.16
11.16
13.24
9.23
10.17
10.52
10.40
5.98
5.98
9.07
12.91
7.53
12.28
11.07
8.42
9.18
8.51
7.98
10.10
4.79
9.00
9.71
11.80
13.26
10.30
9.16
11.49
6.84
6.26
8.23
8.75
8.24
13.02
10.24
9.62
7.99
12.02
12.42
12.29
4.38
5.08
15.18
12.48
10.61
8.04
10.99
14.08
10.09
11.92
9.65
7.47
8.28
9.55
9.36
9.74
11.45
9.96
8.48
13.59
9.00
9.54
5.65
12.14
10.25
13.89
11.63
8.78
8.43
8.08
8.54
13.20
9.93
10.19
7.89
11.69
7.88
9.56
12.53
7.01
8.58
12.42
8.38
12.34
14.48
11.16
11.14
11.25
8.55
5.74
12.27
10.86
12.89
11.43
9.18
7.20
11.95
16.36
10.53
11.31
7.78
8.99
10.72
7.67
7.29
11.70
9.26
9.52
11.37
11.34
9.20
8.44
9.96
8.23
10.06
11.95
13.45
10.46
8.70
8.47
12.89
11.08
11.54
10.13
9.58
9.63
8.91
12.15
8.09
8.52
7.31
11.37
9.92
8.53
12.82
10.04
7.41
9.87
11.58
10.64
12.78
14.18
7.46
12.13
8.15
11.15
10.60
10.07
8.10
13.83
8.15
14.18
13.33
6.71
7.68
10.41
8.96
6.58
7.53
8.64
11.02
8.34
8.37
14.50
3.20
7.98
11.86
11.22
7.83
9.02
12.16
8.33
7.44
13.51
12.71
12.18
11.74
8.53
7.77
11.84
10.61
14.72
13.97
7.44
14.56
11.27
8.96
10.93
7.63
10.22
8.38
10.59
7.40
12.70
11.29
9.04
9.21
7.68
11.88
8.65
10.29
9.91
9.95
11.60
8.75
9.41
7.68
9.31
9.02
8.66
5.52
8.74
12.07
11.02
12.84
8.20
10.07
10.32
12.98
11.19
11.07
8.99
7.67
7.98
7.01
11.69
14.02
11.54
10.55
7.37
10.17
9.68
12.88
11.66
8.92
10.60
11.52
8.67
11.12
8.49
7.03
8.82
8.22
10.86
10.49
10.14
7.49
10.96
9.22
10.88
8.38
11.25
10.63
11.35
7.90
11.57
8.63
11.19
10.49
13.20
10.71
8.50
7.09
13.05
12.09
10.46
11.04
10.58
14.26
9.43
11.45
10.36
10.34
13.25
8.59
7.36
8.50
11.99
9.54
9.77
8.71
5.86
7.46
14.79
13.26
11.52
7.36
8.78
9.22
12.51
11.53
11.74
10.28
12.68
10.63
7.50
7.29
7.67
10.20
9.87
7.03
9.79
11.44
6.77
8.84
11.46
10.33
10.91
13.94
11.36
8.53
6.78
8.92